0.003067
0.000347
0.000245
0.000157
0.000101
0.000165
0.000133
9.9e-05
9.6e-05
8e-05
0.000144
0.000113
4.8e-05
7.9e-05
0.000205
0.000144
0.000393
0.000375
0.000372
0.000506
0.000807
0.000776
0.000694
0.000523
7e-04
0.000531
0.000579
0.00065
0.000604
0.000676
0.000626
0.000559
0.000513
0.000798
0.00081
0.000799
0.000857
0.001107
0.001005
0.001038
0.001338
0.001092
0.001185
0.001388
0.00137
0.001667
0.001746
0.002046
0.001953
0.002813
0.002692
0.003134
0.003035
0.003496
0.003981
0.00439
0.004382
0.005243
0.005677
0.006177
0.006993
0.007554
0.008344
0.008098
0.010398
0.011307
0.011113
0.012389
0.015377
0.015421
0.018832
0.018652
0.020902
0.024221
0.027338
0.030593
0.033591
0.037363
0.042989
0.04756
0.052526
0.059566
0.065172
0.073118
0.080366
0.098473
0.103509
0.113691
0.134894
0.148717
0.162189
0.182617
0.199485
0.202997
0.241758
0.257534
0.27722
0.282226
0.326601
0.35882
0.35882
